chr1 248874246 248874246 1
chr1 248874248 248874248 14
chr1 248874249 248874249 79
chr1 248874250 248874250 23
chr1 248874251 248874251 23
chr1 248874252 248874252 41
chr1 248874253 248874253 27
chr1 248874254 248874254 10
chr1 248874255 248874255 6
chr1 248874256 248874256 7
chr1 248874257 248874257 1
chr1 248874258 248874258 4
chr1 248874259 248874259 1
chr1 248874260 248874260 9
chr1 248874261 248874261 4
chr1 248874262 248874262 3
chr1 248874263 248874263 1
chr1 248874264 248874264 2
chr1 248874265 248874265 1
chr1 248874267 248874267 3
chr1 248874268 248874268 19
chr1 248874271 248874271 2
chr1 248874272 248874272 1
chr1 248874273 248874273 1
chr1 248874280 248874280 1
chr1 248874283 248874283 1
chr1 248874293 248874293 2
chr1 248874310 248874310 1
chr1 248874317 248874317 1
chr1 248874330 248874330 7
chr1 248874331 248874331 7
chr1 248874332 248874332 10
chr1 248874333 248874333 7
chr1 248874334 248874334 1
chr1 248874336 248874336 2
chr1 248874341 248874341 1
chr1 248874343 248874343 1
chr1 248874345 248874345 2
chr1 248874346 248874346 1
chr1 248874350 248874350 1
chr1 248874351 248874351 3
chr1 248874352 248874352 4
chr1 248874353 248874353 2
chr1 248874354 248874354 22
chr1 248874355 248874355 3
chr1 248874356 248874356 2
chr1 248874357 248874357 11
chr1 248874358 248874358 19
chr1 248874359 248874359 12
chr1 248874360 248874360 15
chr1 248874361 248874361 1
chr1 248874362 248874362 3
chr1 248874363 248874363 2
chr1 248874364 248874364 1
chr1 248874366 248874366 5
chr1 248874367 248874367 2
chr1 248874368 248874368 1
