chr1 160926032 160926032 1
chr1 160926034 160926034 1
chr1 160926035 160926035 1
chr1 160926039 160926039 1
chr1 160926040 160926040 1
chr1 160926042 160926042 5
chr1 160926043 160926043 3
chr1 160926044 160926044 9
chr1 160926045 160926045 25
chr1 160926046 160926046 9
chr1 160926047 160926047 18
chr1 160926048 160926048 6
chr1 160926049 160926049 30
chr1 160926050 160926050 21
chr1 160926051 160926051 9
chr1 160926052 160926052 23
chr1 160926053 160926053 5
chr1 160926054 160926054 6
chr1 160926055 160926055 6
chr1 160926056 160926056 14
chr1 160926059 160926059 4
chr1 160926062 160926062 2
