chr11 68459978 68459978 2
chr11 68459979 68459979 21
chr11 68459980 68459980 4
chr11 68459981 68459981 16
chr11 68459983 68459983 4
chr11 68459984 68459984 2
chr11 68459987 68459987 2
chr11 68460043 68460043 1
chr11 68460096 68460096 2
chr11 68460099 68460099 1
chr11 68460100 68460100 4
chr11 68460101 68460101 4
chr11 68460102 68460102 1
chr11 68460103 68460103 1
chr11 68460104 68460104 3
chr11 68460106 68460106 1
chr11 68460108 68460108 4
chr11 68460121 68460121 1
chr11 68460131 68460131 101
chr11 68460132 68460132 34
chr11 68460133 68460133 10
chr11 68460134 68460134 30
chr11 68460135 68460135 84
chr11 68460136 68460136 38
chr11 68460137 68460137 102
chr11 68460138 68460138 32
chr11 68460139 68460139 8
chr11 68460140 68460140 2
chr11 68460141 68460141 3
chr11 68460142 68460142 10
chr11 68460143 68460143 9
chr11 68460144 68460144 1
chr11 68460145 68460145 1
chr11 68460147 68460147 1
chr11 68460148 68460148 1
chr11 68460150 68460150 1
chr11 68460151 68460151 1
chr11 68460159 68460159 1
