chr16 3153001 3153001 5
chr16 3153002 3153002 24
chr16 3153003 3153003 3
chr16 3153082 3153082 1
chr16 3153087 3153087 1
chr16 3153095 3153095 7
chr16 3153096 3153096 8
chr16 3153097 3153097 10
chr16 3153098 3153098 4
chr16 3153099 3153099 8
chr16 3153100 3153100 2
chr16 3153117 3153117 1
chr16 3153142 3153142 3
chr16 3153144 3153144 3
chr16 3153145 3153145 18
chr16 3153146 3153146 10
chr16 3153147 3153147 1
chr16 3153148 3153148 2
chr16 3153149 3153149 2
chr16 3153150 3153150 1
chr16 3153152 3153152 6
