chr7 149603697 149603697 1
chr7 149603706 149603706 1
chr7 149603708 149603708 1
chr7 149603712 149603712 1
chr7 149603713 149603713 4
chr7 149603714 149603714 7
chr7 149603715 149603715 4
chr7 149603716 149603716 6
chr7 149603717 149603717 3
chr7 149603718 149603718 7
chr7 149603719 149603719 5
chr7 149603720 149603720 20
chr7 149603721 149603721 15
chr7 149603722 149603722 17
chr7 149603723 149603723 28
chr7 149603724 149603724 8
chr7 149603725 149603725 22
chr7 149603726 149603726 10
chr7 149603727 149603727 2
chr7 149603729 149603729 2
chr7 149603731 149603731 1
chr7 149603737 149603737 1
