chr7 18038650 18038650 1
chr7 18038652 18038652 1
chr7 18038658 18038658 5
chr7 18038659 18038659 8
chr7 18038661 18038661 4
chr7 18038662 18038662 5
chr7 18038663 18038663 5
chr7 18038664 18038664 1
chr7 18038665 18038665 7
chr7 18038666 18038666 11
chr7 18038668 18038668 12
chr7 18038670 18038670 1
chr7 18038673 18038673 1
chr7 18038684 18038684 1
chr7 18038685 18038685 1
chr7 18038687 18038687 1
chr7 18038688 18038688 1
chr7 18038699 18038699 1
chr7 18038700 18038700 1
chr7 18038718 18038718 1
