chr11 68460043 68460043 1
chr11 68460078 68460078 2
chr11 68460080 68460080 1
chr11 68460081 68460081 2
chr11 68460083 68460083 1
chr11 68460085 68460085 3
chr11 68460087 68460087 1
chr11 68460088 68460088 1
chr11 68460103 68460103 1
chr11 68460115 68460115 1
chr11 68460133 68460133 1
chr11 68460171 68460171 1
chr11 68460180 68460180 1
chr11 68460181 68460181 1
chr11 68460183 68460183 1
chr11 68460192 68460192 1
chr11 68460194 68460194 2
chr11 68460196 68460196 2
chr11 68460197 68460197 4
chr11 68460198 68460198 2
chr11 68460199 68460199 1
chr11 68460201 68460201 1
chr11 68460202 68460202 2
chr11 68460203 68460203 1
chr11 68460204 68460204 1
chr11 68460205 68460205 29
chr11 68460206 68460206 7
chr11 68460207 68460207 1
chr11 68460208 68460208 16
chr11 68460209 68460209 10
chr11 68460210 68460210 19
chr11 68460211 68460211 35
chr11 68460212 68460212 4
chr11 68460213 68460213 133
chr11 68460214 68460214 132
chr11 68460215 68460215 49
chr11 68460216 68460216 57
chr11 68460217 68460217 11
chr11 68460218 68460218 3
chr11 68460220 68460220 2
