chr16 3152900 3152900 1
chr16 3152901 3152901 3
chr16 3152902 3152902 5
chr16 3152903 3152903 1
chr16 3152904 3152904 1
chr16 3152905 3152905 28
chr16 3152906 3152906 15
chr16 3152907 3152907 6
chr16 3152908 3152908 8
chr16 3152909 3152909 9
chr16 3152910 3152910 1
chr16 3152911 3152911 2
chr16 3152913 3152913 2
chr16 3152915 3152915 3
chr16 3152916 3152916 1
chr16 3152920 3152920 2
chr16 3152926 3152926 3
chr16 3152927 3152927 4
chr16 3152928 3152928 1
chr16 3152937 3152937 1
chr16 3152944 3152944 1
chr16 3152951 3152951 1
chr16 3152958 3152958 1
chr16 3152977 3152977 1
chr16 3153001 3153001 2
chr16 3153002 3153002 1
chr16 3153009 3153009 1
chr16 3153010 3153010 1
chr16 3153012 3153012 1
chr16 3153016 3153016 1
chr16 3153027 3153027 1
chr16 3153030 3153030 2
chr16 3153031 3153031 2
chr16 3153037 3153037 1
chr16 3153043 3153043 1
chr16 3153045 3153045 3
chr16 3153048 3153048 2
