chr17 31550055 31550055 4
chr17 31550056 31550056 1
chr17 31550058 31550058 1
chr17 31550060 31550060 1
chr17 31550061 31550061 7
chr17 31550062 31550062 3
chr17 31550064 31550064 9
chr17 31550065 31550065 28
chr17 31550066 31550066 4
chr17 31550067 31550067 11
chr17 31550068 31550068 20
chr17 31550069 31550069 8
chr17 31550070 31550070 2
chr17 31550071 31550071 41
chr17 31550072 31550072 6
chr17 31550073 31550073 19
chr17 31550074 31550074 4
chr17 31550075 31550075 22
chr17 31550076 31550076 3
chr17 31550077 31550077 18
chr17 31550078 31550078 20
chr17 31550079 31550079 55
chr17 31550080 31550080 32
chr17 31550081 31550081 15
chr17 31550082 31550082 23
chr17 31550083 31550083 22
chr17 31550084 31550084 8
chr17 31550085 31550085 2
chr17 31550086 31550086 10
chr17 31550087 31550087 10
chr17 31550088 31550088 28
chr17 31550089 31550089 23
chr17 31550090 31550090 2
chr17 31550091 31550091 2
chr17 31550092 31550092 8
chr17 31550093 31550093 19
chr17 31550094 31550094 51
chr17 31550095 31550095 8
chr17 31550096 31550096 13
chr17 31550097 31550097 2
chr17 31550098 31550098 1
chr17 31550099 31550099 15
chr17 31550100 31550100 4
chr17 31550101 31550101 8
chr17 31550103 31550103 2
chr17 31550104 31550104 5
chr17 31550105 31550105 12
chr17 31550106 31550106 1
chr17 31550107 31550107 2
chr17 31550108 31550108 15
chr17 31550109 31550109 10
chr17 31550110 31550110 5
chr17 31550111 31550111 16
chr17 31550112 31550112 3
chr17 31550113 31550113 7
chr17 31550114 31550114 6
chr17 31550115 31550115 8
chr17 31550116 31550116 31
chr17 31550118 31550118 4
chr17 31550119 31550119 7
chr17 31550120 31550120 3
chr17 31550121 31550121 10
chr17 31550122 31550122 4
chr17 31550123 31550123 2
chr17 31550124 31550124 1
chr17 31550126 31550126 3
chr17 31550127 31550127 10
chr17 31550129 31550129 5
chr17 31550130 31550130 9
chr17 31550131 31550131 20
chr17 31550132 31550132 37
chr17 31550133 31550133 3
chr17 31550135 31550135 1
chr17 31550136 31550136 3
chr17 31550137 31550137 159
chr17 31550138 31550138 68
chr17 31550139 31550139 206
chr17 31550140 31550140 38
chr17 31550141 31550141 164
chr17 31550142 31550142 86
chr17 31550143 31550143 10
chr17 31550144 31550144 6
chr17 31550145 31550145 5
chr17 31550146 31550146 11
chr17 31550147 31550147 5
chr17 31550148 31550148 2
chr17 31550149 31550149 8
chr17 31550150 31550150 9
chr17 31550152 31550152 2
chr17 31550153 31550153 3
chr17 31550155 31550155 23
chr17 31550156 31550156 3
chr17 31550157 31550157 208
chr17 31550158 31550158 107
chr17 31550159 31550159 62
chr17 31550160 31550160 20
chr17 31550161 31550161 18
chr17 31550162 31550162 20
chr17 31550163 31550163 8
chr17 31550164 31550164 33
chr17 31550165 31550165 2
chr17 31550166 31550166 7
chr17 31550167 31550167 4
chr17 31550168 31550168 5
chr17 31550169 31550169 1
chr17 31550170 31550170 1
chr17 31550172 31550172 1
chr17 31550173 31550173 2
chr17 31550174 31550174 5
chr17 31550175 31550175 1
chr17 31550177 31550177 2
chr17 31550179 31550179 1
chr17 31550180 31550180 2
chr17 31550185 31550185 1
chr17 31550186 31550186 2
chr17 31550188 31550188 1
