chr14 20633082 20633082 9
chr14 20633086 20633086 2
chr14 20633088 20633088 3
chr14 20633089 20633089 10
chr14 20633092 20633092 1
chr14 20633093 20633093 10
chr14 20633095 20633095 2
chr14 20633099 20633099 4
chr14 20633100 20633100 4
chr14 20633101 20633101 23
chr14 20633102 20633102 2
chr14 20633103 20633103 6
chr14 20633104 20633104 1
chr14 20633105 20633105 4
chr14 20633106 20633106 1
chr14 20633107 20633107 8
chr14 20633108 20633108 1
chr14 20633109 20633109 8
chr14 20633110 20633110 10
chr14 20633111 20633111 4
chr14 20633113 20633113 14
chr14 20633114 20633114 5
chr14 20633115 20633115 3
chr14 20633118 20633118 1
chr14 20633119 20633119 12
chr14 20633126 20633126 2
chr14 20633128 20633128 5
chr14 20633129 20633129 1
chr14 20633130 20633130 4
chr14 20633137 20633137 3
chr14 20633166 20633166 1
chr14 20633170 20633170 1
chr14 20633192 20633192 1
chr14 20633209 20633209 1
chr14 20633210 20633210 1
chr14 20633212 20633212 3
chr14 20633213 20633213 1
chr14 20633215 20633215 3
chr14 20633217 20633217 13
chr14 20633218 20633218 1
chr14 20633221 20633221 7
chr14 20633309 20633309 5
chr14 20633310 20633310 1
chr14 20633312 20633312 3
chr14 20633316 20633316 2
