chr1 160925917 160925917 3
chr1 160925919 160925919 1
chr1 160925948 160925948 2
chr1 160925964 160925964 1
chr1 160925965 160925965 3
chr1 160925966 160925966 7
chr1 160925968 160925968 2
chr1 160925970 160925970 5
chr1 160925971 160925971 2
chr1 160925972 160925972 1
chr1 160925973 160925973 63
chr1 160925974 160925974 17
chr1 160925975 160925975 54
chr1 160925976 160925976 3
chr1 160925977 160925977 24
chr1 160925978 160925978 9
chr1 160925979 160925979 1
chr1 160925984 160925984 1
chr1 160925991 160925991 1
