chr17 17960229 17960229 1
chr17 17960230 17960230 1
chr17 17960231 17960231 2
chr17 17960232 17960232 7
chr17 17960233 17960233 5
chr17 17960234 17960234 3
chr17 17960235 17960235 19
chr17 17960236 17960236 9
chr17 17960237 17960237 4
chr17 17960238 17960238 17
chr17 17960239 17960239 2
chr17 17960240 17960240 14
chr17 17960241 17960241 3
chr17 17960242 17960242 9
chr17 17960243 17960243 7
chr17 17960245 17960245 1
chr17 17960246 17960246 2
chr17 17960250 17960250 2
chr17 17960251 17960251 2
chr17 17960252 17960252 1
chr17 17960258 17960258 1
