chr16 22298455 22298455 1
chr16 22298461 22298461 1
chr16 22298463 22298463 1
chr16 22298466 22298466 1
chr16 22298467 22298467 2
chr16 22298471 22298471 1
chr16 22298554 22298554 1
chr16 22298565 22298565 1
chr16 22298566 22298566 1
chr16 22298584 22298584 1
chr16 22298585 22298585 1
chr16 22298588 22298588 1
chr16 22298591 22298591 1
chr16 22298593 22298593 3
chr16 22298594 22298594 2
chr16 22298597 22298597 3
chr16 22298598 22298598 5
chr16 22298602 22298602 3
chr16 22298603 22298603 6
chr16 22298604 22298604 2
chr16 22298605 22298605 7
chr16 22298606 22298606 15
chr16 22298607 22298607 11
chr16 22298609 22298609 18
chr16 22298610 22298610 6
chr16 22298611 22298611 35
chr16 22298612 22298612 16
chr16 22298613 22298613 9
chr16 22298614 22298614 25
chr16 22298615 22298615 7
chr16 22298616 22298616 8
chr16 22298617 22298617 26
chr16 22298618 22298618 90
chr16 22298619 22298619 6
chr16 22298620 22298620 6
chr16 22298621 22298621 4
chr16 22298622 22298622 3
chr16 22298624 22298624 1
chr16 22298627 22298627 1
