chr10 49387358 49387358 1
chr10 49387379 49387379 3
chr10 49387380 49387380 1
chr10 49387381 49387381 1
chr10 49387383 49387383 4
chr10 49387384 49387384 35
chr10 49387385 49387385 54
chr10 49387386 49387386 41
chr10 49387387 49387387 48
chr10 49387388 49387388 10
chr10 49387389 49387389 16
chr10 49387390 49387390 16
chr10 49387391 49387391 1
chr10 49387392 49387392 1
chr10 49387393 49387393 27
chr10 49387394 49387394 6
chr10 49387395 49387395 4
chr10 49387397 49387397 11
chr10 49387400 49387400 4
chr10 49387401 49387401 4
chr10 49387403 49387403 3
chr10 49387404 49387404 2
chr10 49387428 49387428 1
