chr1 248874331 248874331 17
chr1 248874332 248874332 93
chr1 248874334 248874334 1
chr1 248874337 248874337 25
chr1 248874338 248874338 4
chr1 248874344 248874344 2
chr1 248874346 248874346 1
chr1 248874359 248874359 1
chr1 248874371 248874371 1
chr1 248874396 248874396 2
chr1 248874398 248874398 1
chr1 248874399 248874399 1
chr1 248874409 248874409 1
chr1 248874415 248874415 1
chr1 248874416 248874416 4
chr1 248874418 248874418 2
chr1 248874421 248874421 5
chr1 248874422 248874422 4
chr1 248874423 248874423 6
chr1 248874424 248874424 31
chr1 248874425 248874425 29
chr1 248874426 248874426 32
chr1 248874427 248874427 16
chr1 248874428 248874428 55
chr1 248874429 248874429 54
chr1 248874430 248874430 4
chr1 248874431 248874431 13
chr1 248874432 248874432 29
chr1 248874463 248874463 1
chr1 248874474 248874474 1
