chr14 20633006 20633006 1
chr14 20633007 20633007 3
chr14 20633009 20633009 12
chr14 20633010 20633010 14
chr14 20633011 20633011 12
chr14 20633012 20633012 20
chr14 20633013 20633013 3
chr14 20633014 20633014 7
chr14 20633015 20633015 4
chr14 20633016 20633016 3
chr14 20633017 20633017 2
chr14 20633018 20633018 10
chr14 20633019 20633019 6
chr14 20633020 20633020 1
chr14 20633021 20633021 26
chr14 20633022 20633022 5
chr14 20633023 20633023 8
chr14 20633024 20633024 13
chr14 20633025 20633025 1
chr14 20633026 20633026 13
chr14 20633027 20633027 1
chr14 20633029 20633029 1
chr14 20633030 20633030 3
chr14 20633031 20633031 6
chr14 20633032 20633032 1
chr14 20633033 20633033 1
chr14 20633035 20633035 1
chr14 20633041 20633041 1
chr14 20633044 20633044 1
chr14 20633049 20633049 1
chr14 20633050 20633050 1
chr14 20633051 20633051 2
chr14 20633055 20633055 1
chr14 20633072 20633072 1
chr14 20633073 20633073 1
chr14 20633075 20633075 1
chr14 20633082 20633082 2
chr14 20633087 20633087 1
chr14 20633089 20633089 1
chr14 20633091 20633091 1
chr14 20633095 20633095 2
chr14 20633097 20633097 1
chr14 20633100 20633100 1
chr14 20633107 20633107 1
chr14 20633108 20633108 2
chr14 20633118 20633118 1
chr14 20633133 20633133 1
chr14 20633134 20633134 1
chr14 20633139 20633139 1
chr14 20633143 20633143 1
chr14 20633150 20633150 1
chr14 20633151 20633151 1
