chr16 22298368 22298368 2
chr16 22298371 22298371 1
chr16 22298373 22298373 13
chr16 22298375 22298375 2
chr16 22298450 22298450 2
chr16 22298480 22298480 2
chr16 22298484 22298484 2
chr16 22298485 22298485 18
chr16 22298486 22298486 76
chr16 22298487 22298487 90
chr16 22298488 22298488 8
chr16 22298489 22298489 3
chr16 22298490 22298490 1
chr16 22298492 22298492 6
chr16 22298493 22298493 10
chr16 22298494 22298494 1
chr16 22298495 22298495 5
chr16 22298496 22298496 29
chr16 22298497 22298497 5
chr16 22298498 22298498 4
chr16 22298499 22298499 8
chr16 22298500 22298500 20
chr16 22298501 22298501 1
chr16 22298502 22298502 10
chr16 22298503 22298503 7
chr16 22298505 22298505 1
chr16 22298512 22298512 1
chr16 22298513 22298513 1
chr16 22298516 22298516 1
chr16 22298525 22298525 1
chr16 22298530 22298530 1
