chr17 31550148 31550148 1
chr17 31550153 31550153 1
chr17 31550163 31550163 1
chr17 31550168 31550168 1
chr17 31550169 31550169 1
chr17 31550175 31550175 1
chr17 31550176 31550176 1
chr17 31550178 31550178 1
chr17 31550180 31550180 2
chr17 31550183 31550183 1
chr17 31550185 31550185 13
chr17 31550186 31550186 5
chr17 31550187 31550187 1
chr17 31550191 31550191 3
chr17 31550192 31550192 4
chr17 31550193 31550193 3
chr17 31550195 31550195 3
chr17 31550196 31550196 2
chr17 31550197 31550197 1
chr17 31550200 31550200 6
chr17 31550201 31550201 2
chr17 31550202 31550202 2
chr17 31550203 31550203 4
chr17 31550204 31550204 30
chr17 31550205 31550205 9
chr17 31550206 31550206 14
chr17 31550207 31550207 7
chr17 31550208 31550208 13
chr17 31550209 31550209 21
chr17 31550210 31550210 6
chr17 31550211 31550211 18
chr17 31550212 31550212 15
chr17 31550213 31550213 8
chr17 31550214 31550214 33
chr17 31550215 31550215 4
chr17 31550216 31550216 310
chr17 31550217 31550217 98
chr17 31550218 31550218 177
chr17 31550219 31550219 453
chr17 31550220 31550220 22
chr17 31550221 31550221 49
chr17 31550222 31550222 22
chr17 31550223 31550223 24
chr17 31550224 31550224 4
chr17 31550225 31550225 195
chr17 31550226 31550226 18
chr17 31550227 31550227 158
chr17 31550228 31550228 4
chr17 31550230 31550230 3
chr17 31550231 31550231 3
chr17 31550237 31550237 1
chr17 31550238 31550238 1
chr17 31550240 31550240 2
chr17 31550241 31550241 2
chr17 31550242 31550242 4
chr17 31550243 31550243 4
chr17 31550246 31550246 3
chr17 31550247 31550247 1
chr17 31550248 31550248 6
chr17 31550249 31550249 3
chr17 31550250 31550250 1
chr17 31550251 31550251 2
chr17 31550252 31550252 13
chr17 31550253 31550253 13
chr17 31550254 31550254 14
chr17 31550257 31550257 1
chr17 31550258 31550258 3
chr17 31550260 31550260 2
chr17 31550261 31550261 2
chr17 31550262 31550262 7
chr17 31550263 31550263 8
chr17 31550264 31550264 21
chr17 31550265 31550265 16
chr17 31550266 31550266 1
chr17 31550268 31550268 14
chr17 31550269 31550269 29
chr17 31550270 31550270 106
chr17 31550271 31550271 28
chr17 31550274 31550274 1
chr17 31550275 31550275 1
chr17 31550276 31550276 1
chr17 31550277 31550277 28
chr17 31550278 31550278 2
chr17 31550279 31550279 27
chr17 31550280 31550280 9
chr17 31550282 31550282 1
chr17 31550283 31550283 3
chr17 31550405 31550405 1
