bucket	range_start	range_end	ARPE19 #2 poly(A)	ARPE19 #1	ARPE19 #2	CRO-AP5	NHDF	IVT RN7SK	IVT EBER2
1	0.5	0.50390625	0.001460721	0.009944484	0.010273135	0.002407202	0.008192517	0.00195166	0.001445118
2	0.50390625	0.5078125	0.001502265	0.009414369	0.009536502	0.002335683	0.007727087	0.001961275	0.001305691
3	0.5078125	0.51171875	0.001525823	0.009255982	0.009149846	0.002313816	0.00740097	0.002002935	0.001394268
4	0.51171875	0.515625	0.00156518	0.008714555	0.00863787	0.002294264	0.006932373	0.001942046	0.001323734
5	0.515625	0.51953125	0.001603153	0.008124641	0.008183969	0.002231235	0.006343462	0.001868338	0.001240078
6	0.51953125	0.5234375	0.001645185	0.00796787	0.007965424	0.002244612	0.006068003	0.001948456	0.001294209
7	0.5234375	0.52734375	0.001688713	0.007607457	0.00752375	0.002200363	0.005727638	0.00195807	0.001299129
8	0.52734375	0.53125	0.001731926	0.007447453	0.007233375	0.002148396	0.005520253	0.001961275	0.001369663
9	0.53125	0.53515625	0.001760818	0.006986836	0.006852832	0.002081508	0.005021578	0.001772197	0.001392628
10	0.53515625	0.5390625	0.001796666	0.006501976	0.006655683	0.002152769	0.004923426	0.001871543	0.00130241
11	0.5390625	0.54296875	0.001817328	0.006353285	0.006424912	0.002087939	0.004644801	0.001970889	0.001287647
12	0.54296875	0.546875	0.001836732	0.006167422	0.006131481	0.002090512	0.004426334	0.001874748	0.001297489
13	0.546875	0.55078125	0.001858212	0.006020348	0.005906824	0.002069674	0.00423003	0.001685671	0.001200711
14	0.55078125	0.5546875	0.00186907	0.005798928	0.005647015	0.002066072	0.004218949	0.002051006	0.001267964
15	0.5546875	0.55859375	0.00186852	0.005512861	0.005561431	0.002012304	0.00403056	0.00184911	0.001215473
16	0.55859375	0.5625	0.001865136	0.00534316	0.005371924	0.00202774	0.004002065	0.001996526	0.001241718
17	0.5625	0.56640625	0.001855222	0.005299523	0.005050984	0.00203623	0.003732938	0.001986912	0.001231877
18	0.56640625	0.5703125	0.001813378	0.004992444	0.004960815	0.001987607	0.003717107	0.001945251	0.001246639
19	0.5703125	0.57421875	0.00180444	0.005011839	0.004792703	0.002013076	0.00361104	0.002099077	0.001269604
20	0.57421875	0.578125	0.001761542	0.005002142	0.004875231	0.001989151	0.003546133	0.001881157	0.001274525
21	0.578125	0.58203125	0.00172807	0.004722539	0.00451914	0.001986835	0.003447981	0.001845905	0.001225315
22	0.58203125	0.5859375	0.001695228	0.004667588	0.004500801	0.001989665	0.003428984	0.001858724	0.001272884
23	0.5859375	0.58984375	0.001648884	0.004632032	0.00432352	0.002056039	0.00339099	0.00190359	0.001236798
24	0.58984375	0.59375	0.001607984	0.004486573	0.004132484	0.001999699	0.003242179	0.001884362	0.001236798
25	0.59375	0.59765625	0.001587385	0.004376672	0.00438618	0.001977574	0.003269091	0.001893976	0.001263043
26	0.59765625	0.6015625	0.00155865	0.004237678	0.004036202	0.002044719	0.003286505	0.001820268	0.001205632
27	0.6015625	0.60546875	0.001501195	0.004307175	0.003929222	0.001996354	0.003216849	0.001874748	0.001261402
28	0.60546875	0.609375	0.001496317	0.004116464	0.003793205	0.001996354	0.003373576	0.001788221	0.001279446
29	0.609375	0.61328125	0.00146146	0.004048583	0.003776394	0.001959823	0.003178855	0.001810654	0.001286007
30	0.61328125	0.6171875	0.001441554	0.004053432	0.003777922	0.002015134	0.003220015	0.001906795	0.001287647
31	0.6171875	0.62109375	0.001429279	0.003880498	0.003773337	0.002015391	0.003129779	0.001999731	0.001194149
32	0.62109375	0.625	0.001405532	0.00387565	0.003753469	0.002025939	0.003164607	0.001871543	0.001441837
33	0.625	0.62890625	0.001397428	0.003822315	0.003611339	0.002042919	0.003137694	0.001829882	0.001371303
34	0.62890625	0.6328125	0.001387766	0.003752818	0.003704564	0.002089226	0.00305379	0.00185552	0.001317173
35	0.6328125	0.63671875	0.001385169	0.003807769	0.003585358	0.002077392	0.003071205	0.001916409	0.001320454
36	0.63671875	0.640625	0.001371463	0.003812618	0.003374454	0.002062213	0.003020546	0.001926023	0.001359821
37	0.640625	0.64453125	0.001381125	0.003639684	0.00355632	0.002091027	0.002969886	0.001942046	0.001371303
38	0.64453125	0.6484375	0.001380983	0.003796456	0.003421831	0.002068645	0.002993633	0.00195807	0.001356541
39	0.6484375	0.65234375	0.001400166	0.003738273	0.003505887	0.002101317	0.0030997	0.002214446	0.001410671
40	0.65234375	0.65625	0.001367371	0.003680089	0.003389737	0.002111093	0.003123447	0.002076644	0.001363102
41	0.65625	0.66015625	0.001386585	0.00365423	0.003346945	0.002163832	0.003153525	0.002079848	0.001530414
42	0.66015625	0.6640625	0.001409042	0.003712413	0.003492132	0.00216306	0.003087035	0.00206703	0.001486125
43	0.6640625	0.66796875	0.001414864	0.003615441	0.003327078	0.002142736	0.003011047	0.002009345	0.001474643
44	0.66796875	0.671875	0.001411496	0.003610593	0.003275116	0.002096686	0.003121864	0.002031778	0.001555019
45	0.671875	0.67578125	0.001440043	0.003547561	0.003213984	0.002151741	0.003022129	0.002025368	0.001423793
46	0.67578125	0.6796875	0.001438752	0.003615441	0.003272059	0.00219599	0.003060123	0.002153556	0.00145824
47	0.6796875	0.68359375	0.001460233	0.003402103	0.003236909	0.002245898	0.003041126	0.00221765	0.001491046
48	0.68359375	0.6875	0.001459241	0.003550793	0.003203286	0.002238181	0.00312503	0.00221765	0.001545177
49	0.6875	0.69140625	0.001494208	0.003487761	0.003212456	0.00222506	0.003007881	0.002208036	0.001650157
50	0.69140625	0.6953125	0.001500345	0.003502307	0.003284286	0.0022495	0.003031627	0.002022164	0.001605868
51	0.6953125	0.69921875	0.001521149	0.00358635	0.003267475	0.002290662	0.0030997	0.002329815	0.001641955
52	0.69921875	0.703125	0.001543952	0.003655846	0.003327078	0.00231999	0.003193103	0.002211241	0.001684604
53	0.703125	0.70703125	0.001561152	0.003476448	0.003275116	0.002318961	0.003034793	0.002304177	0.001751856
54	0.70703125	0.7109375	0.001563198	0.003421497	0.003192589	0.002350604	0.003178855	0.002175989	0.001707568
55	0.7109375	0.71484375	0.001603625	0.003534631	0.003377511	0.002366297	0.003028461	0.002092667	0.00171741
56	0.71484375	0.71875	0.00163214	0.003516853	0.003304153	0.002453509	0.003150359	0.002333019	0.001705928
57	0.71875	0.72265625	0.001651763	0.003660695	0.003372926	0.002435501	0.003096534	0.002349043	0.001707568
58	0.72265625	0.7265625	0.001662952	0.003516853	0.003246079	0.002487725	0.003117114	0.002403523	0.001778101
59	0.7265625	0.73046875	0.001693339	0.003497459	0.003256776	0.002519111	0.003096534	0.002227264	0.001786303
60	0.73046875	0.734375	0.001711924	0.003455437	0.003325549	0.002473833	0.003167773	0.00249005	0.001846995
61	0.734375	0.73828125	0.001762722	0.003524934	0.003353058	0.002568248	0.00327859	0.002573372	0.001922449
62	0.73828125	0.7421875	0.001750684	0.003615441	0.003379039	0.002563874	0.00323268	0.002464412	0.001860117
63	0.7421875	0.74609375	0.001791898	0.003723727	0.003317908	0.002606065	0.003259593	0.002579781	0.001914248
64	0.74609375	0.75	0.001814055	0.003536247	0.00329804	0.002632821	0.003215266	0.002631056	0.001917528
65	0.75	0.75390625	0.001869023	0.003529783	0.003464623	0.002673725	0.003394156	0.002672717	0.001981501
66	0.75390625	0.7578125	0.001881911	0.003623522	0.003438643	0.002692248	0.003291255	0.002768858	0.001919169
67	0.7578125	0.76171875	0.001939555	0.003636452	0.003284286	0.002756306	0.003286505	0.002557348	0.002033991
68	0.76171875	0.765625	0.001991517	0.003739889	0.003528811	0.002849178	0.003440066	0.002861794	0.002111086
69	0.765625	0.76953125	0.001963412	0.003516853	0.003525755	0.002782804	0.003234263	0.002691945	0.001997904
70	0.76953125	0.7734375	0.002065432	0.003822315	0.003461567	0.002941278	0.003465395	0.00280411	0.002219346
71	0.7734375	0.77734375	0.002082412	0.003726959	0.003541037	0.002889568	0.003424235	0.003079714	0.002202943
72	0.77734375	0.78125	0.002109668	0.003730191	0.003489076	0.002931245	0.003360911	0.002932298	0.002280038
73	0.78125	0.78515625	0.002162338	0.003754434	0.003512	0.002986556	0.003383074	0.003127784	0.002281678
74	0.78515625	0.7890625	0.00221888	0.003899893	0.00371679	0.003111585	0.003481226	0.003323271	0.002385018
75	0.7890625	0.79296875	0.002282345	0.003919287	0.003693866	0.003173071	0.003554049	0.003278405	0.002304643
76	0.79296875	0.796875	0.002316116	0.003806153	0.003644961	0.003208831	0.003531885	0.003207902	0.00234073
77	0.796875	0.80078125	0.002328548	0.003932217	0.003709149	0.003210374	0.003664865	0.003262381	0.002373536
78	0.80078125	0.8046875	0.002438343	0.00409222	0.003803903	0.003296042	0.0037646	0.00322072	0.002467034
79	0.8046875	0.80859375	0.002463096	0.00408414	0.003710677	0.003366789	0.00378518	0.003294428	0.002714721
80	0.80859375	0.8125	0.002525901	0.00395646	0.003851279	0.003454773	0.003682279	0.00343223	0.00265403
81	0.8125	0.81640625	0.002591822	0.004106766	0.003884902	0.003525263	0.003780431	0.003310452	0.002716362
82	0.81640625	0.8203125	0.002659379	0.00412616	0.004082051	0.003649263	0.003960904	0.003496324	0.002747528
83	0.8203125	0.82421875	0.002729612	0.004106766	0.004030089	0.003602442	0.003865918	0.0037527	0.002855789
84	0.82421875	0.828125	0.002798853	0.004333034	0.003975071	0.003756542	0.004144543	0.003624512	0.002878753
85	0.828125	0.83203125	0.0028381	0.004206971	0.004071353	0.003768118	0.003979901	0.003925754	0.002960769
86	0.83203125	0.8359375	0.002961113	0.004329802	0.004120258	0.003885687	0.004199951	0.003932163	0.003119879
87	0.8359375	0.83984375	0.003037704	0.004362126	0.004271558	0.003999912	0.004226864	0.003973824	0.003155966
88	0.83984375	0.84375	0.003114215	0.004539908	0.004259332	0.004088924	0.004321849	0.004041123	0.003210096
89	0.84375	0.84765625	0.003261588	0.004591627	0.004308237	0.004290875	0.004432666	0.004118036	0.003465986
90	0.84765625	0.8515625	0.003264752	0.004686982	0.004415217	0.004265663	0.004288605	0.004303908	0.003474187
91	0.8515625	0.85546875	0.003421803	0.004699912	0.00451914	0.004377058	0.004668547	0.004726928	0.003529958
92	0.85546875	0.859375	0.003560395	0.004727387	0.0047331	0.00455071	0.004773032	0.004877549	0.003672665
93	0.859375	0.86328125	0.003648017	0.004900321	0.004691836	0.004650785	0.004871184	0.004980099	0.003830136
94	0.86328125	0.8671875	0.003730335	0.00503285	0.004676554	0.004785333	0.004746119	0.004749361	0.003743199
95	0.8671875	0.87109375	0.003941316	0.005112043	0.004853835	0.005014039	0.005097566	0.004954462	0.004328792
96	0.87109375	0.875	0.003983034	0.004861532	0.004910382	0.005005292	0.004896513	0.00534223	0.004179523
97	0.875	0.87890625	0.004174942	0.005225177	0.005174775	0.005206728	0.005222631	0.005230065	0.00437636
98	0.87890625	0.8828125	0.004404367	0.005600136	0.005313849	0.005556862	0.005589909	0.005822934	0.004733949
99	0.8828125	0.88671875	0.004542738	0.00563246	0.005426942	0.005622978	0.005480675	0.005832548	0.004804483
100	0.88671875	0.890625	0.004682196	0.00571327	0.005423885	0.005817211	0.005740303	0.006566424	0.004906182
101	0.890625	0.89453125	0.004964039	0.006094693	0.005706618	0.006123353	0.005965103	0.006367733	0.005399917
102	0.89453125	0.8984375	0.005147686	0.00602358	0.005911409	0.006208764	0.006101248	0.006752296	0.005585273
103	0.8984375	0.90234375	0.005466447	0.006348437	0.006252216	0.006645081	0.006413118	0.006957397	0.005703375
104	0.90234375	0.90625	0.005660763	0.006306415	0.00622165	0.006793778	0.00655718	0.007047128	0.005944502
105	0.90625	0.91015625	0.00597592	0.006712082	0.006449365	0.007169381	0.006857968	0.007591927	0.006389027
106	0.91015625	0.9140625	0.006305665	0.006977139	0.006790172	0.007467548	0.006979866	0.007995718	0.006702327
107	0.9140625	0.91796875	0.00661917	0.007289066	0.007063736	0.007761856	0.007552947	0.008409125	0.007045153
108	0.91796875	0.921875	0.007003584	0.007373108	0.007160018	0.008233417	0.007706507	0.008646272	0.007571694
109	0.921875	0.92578125	0.007508573	0.007851504	0.00763073	0.008670762	0.008067452	0.009716641	0.007962089
110	0.92578125	0.9296875	0.008033766	0.00830404	0.007925688	0.009298225	0.008733936	0.009742279	0.008682188
111	0.9296875	0.93359375	0.008571078	0.008856781	0.0083964	0.009763612	0.009117045	0.010565885	0.009074222
112	0.93359375	0.9375	0.009136165	0.00899739	0.008885452	0.010262186	0.009489072	0.011142731	0.010028886
113	0.9375	0.94140625	0.009871946	0.009483866	0.009285863	0.010967341	0.010085898	0.012107344	0.010737502
114	0.94140625	0.9453125	0.010800312	0.010245097	0.010043892	0.01174736	0.010806207	0.013539844	0.011821751
115	0.9453125	0.94921875	0.01176075	0.011070975	0.010911958	0.012733961	0.011889044	0.014392293	0.01317009
116	0.94921875	0.953125	0.012975759	0.011861297	0.011795308	0.013779216	0.012696423	0.015517142	0.014206768
117	0.99609375	1	0.66827124	0.410195	0.4323061	0.5788727	0.4743016	0.5724774	0.6663422
