bucket	range_start	range_end	HSV1 6hpi #1	HSV1 6hpi #2	HSV1 12hpi #1	ARPE19 + IFNag
1	0.5	0.50390625	0.002612095	0.002690667	0.003074382	0.010252568
2	0.50390625	0.5078125	0.002557676	0.00266858	0.00313014	0.009678233
3	0.5078125	0.51171875	0.002547644	0.002651616	0.003142827	0.009207239
4	0.51171875	0.515625	0.002488665	0.002680104	0.003137485	0.008670663
5	0.515625	0.51953125	0.002539435	0.002635291	0.00310176	0.008130114
6	0.51953125	0.5234375	0.002467688	0.002636571	0.003117118	0.007617386
7	0.5234375	0.52734375	0.00251633	0.002621847	0.003031979	0.007412692
8	0.52734375	0.53125	0.002543995	0.002600722	0.003074048	0.00672508
9	0.53125	0.53515625	0.002458263	0.002634331	0.003074048	0.006381275
10	0.53515625	0.5390625	0.002410229	0.002569353	0.003054682	0.006426983
11	0.5390625	0.54296875	0.002446711	0.002620247	0.003072044	0.005870534
12	0.54296875	0.546875	0.002424214	0.002627609	0.003024967	0.005669816
13	0.546875	0.55078125	0.0023929	0.002513657	0.002988908	0.005508842
14	0.55078125	0.5546875	0.002466168	0.002627929	0.003046002	0.005355819
15	0.5546875	0.55859375	0.002411749	0.002599441	0.002976888	0.004996115
16	0.55859375	0.5625	0.002436982	0.002585998	0.002963199	0.004954381
17	0.5625	0.56640625	0.002482889	0.002525821	0.003023631	0.004705967
18	0.56640625	0.5703125	0.00239746	0.00256039	0.00295552	0.004636411
19	0.5703125	0.57421875	0.002449751	0.002539265	0.002940829	0.004521146
20	0.57421875	0.578125	0.002428774	0.002545026	0.002972548	0.004368123
21	0.578125	0.58203125	0.002485929	0.002546307	0.002994918	0.004187277
22	0.58203125	0.5859375	0.002450055	0.002494452	0.002961529	0.004242922
23	0.5859375	0.58984375	0.00239746	0.002527741	0.003022296	0.004219074
24	0.58984375	0.59375	0.002457351	0.002548227	0.002973549	0.004034253
25	0.59375	0.59765625	0.002438198	0.002551108	0.002968875	0.004024317
26	0.59765625	0.6015625	0.002442455	0.002591439	0.003052011	0.003773915
27	0.6015625	0.60546875	0.002458567	0.002540545	0.002963199	0.003893154
28	0.60546875	0.609375	0.002488361	0.002550148	0.002965536	0.003803725
29	0.609375	0.61328125	0.00243759	0.002566152	0.00301662	0.003638777
30	0.61328125	0.6171875	0.002463128	0.002618647	0.00303298	0.003430109
31	0.6171875	0.62109375	0.002455223	0.002614485	0.003023965	0.003579158
32	0.62109375	0.625	0.00252089	0.002627929	0.00303899	0.003569221
33	0.625	0.62890625	0.002461911	0.00259624	0.003032313	0.003676536
34	0.62890625	0.6328125	0.002509338	0.002602642	0.003071043	0.003398312
35	0.6328125	0.63671875	0.00254278	0.002608404	0.003107436	0.003501653
36	0.63671875	0.640625	0.002552812	0.002544066	0.003017288	0.003410236
37	0.640625	0.64453125	0.00251633	0.002633051	0.003095082	0.003535437
38	0.64453125	0.6484375	0.002573789	0.0026673	0.003073046	0.003382413
39	0.6484375	0.65234375	0.002589598	0.002643294	0.00308373	0.003447995
40	0.65234375	0.65625	0.002600846	0.002644254	0.003065033	0.003292984
41	0.65625	0.66015625	0.002550684	0.0026689	0.003118454	0.003308883
42	0.66015625	0.6640625	0.002636416	0.002760766	0.003207266	0.003324781
43	0.6640625	0.66796875	0.002621215	0.002764287	0.003229303	0.003334718
44	0.66796875	0.671875	0.002629424	0.002772289	0.003182225	0.003201568
45	0.671875	0.67578125	0.002691139	0.002789894	0.003161525	0.003308883
46	0.67578125	0.6796875	0.002597198	0.00277325	0.003232641	0.003271124
47	0.6796875	0.68359375	0.002736133	0.002797896	0.003242992	0.003342667
48	0.68359375	0.6875	0.002738869	0.002851351	0.003283391	0.003267149
49	0.6875	0.69140625	0.002743125	0.002855512	0.003284393	0.003523513
50	0.69140625	0.6953125	0.00276623	0.002878879	0.00327471	0.003404274
51	0.6953125	0.69921875	0.002864731	0.002900645	0.003275044	0.003326769
52	0.69921875	0.703125	0.002854091	0.002946097	0.00343297	0.003372477
53	0.703125	0.70703125	0.002812136	0.002982267	0.003390234	0.003265162
54	0.70703125	0.7109375	0.002845578	0.002948978	0.003319785	0.003255225
55	0.7109375	0.71484375	0.002869899	0.003013316	0.00345534	0.003461906
56	0.71484375	0.71875	0.002929182	0.002985148	0.003531465	0.00350364
57	0.71875	0.72265625	0.002912461	0.003120546	0.003567191	0.003358566
58	0.72265625	0.7265625	0.002979649	0.003133989	0.003542149	0.003455944
59	0.7265625	0.73046875	0.003013394	0.003128868	0.003590229	0.003334718
60	0.73046875	0.734375	0.002996674	0.003117665	0.003502084	0.00337049
61	0.734375	0.73828125	0.003058692	0.003147433	0.003635302	0.003541399
62	0.73828125	0.7421875	0.003052612	0.003216252	0.003659676	0.003356578
63	0.7421875	0.74609375	0.003106423	0.003210171	0.003694066	0.003416198
64	0.74609375	0.75	0.003162361	0.003269067	0.003724115	0.003579158
65	0.75	0.75390625	0.00316905	0.003265546	0.003765182	0.003551335
66	0.75390625	0.7578125	0.003224989	0.003382058	0.003747153	0.003559285
67	0.7578125	0.76171875	0.00329552	0.003485127	0.003865681	0.0035255
68	0.76171875	0.765625	0.003311025	0.003483526	0.003995561	0.003668587
69	0.765625	0.76953125	0.003339906	0.003469123	0.003924444	0.003497678
70	0.76953125	0.7734375	0.003457864	0.003599079	0.003984543	0.003650701
71	0.7734375	0.77734375	0.003411958	0.003534101	0.003986212	0.003652689
72	0.77734375	0.78125	0.003470937	0.003555866	0.004026612	0.003678524
73	0.78125	0.78515625	0.003542076	0.003743759	0.004135791	0.003761991
74	0.78515625	0.7890625	0.003654562	0.003828902	0.004185539	0.003783851
75	0.7890625	0.79296875	0.003662466	0.003742478	0.004311747	0.003895141
76	0.79296875	0.796875	0.003652129	0.003824101	0.00435248	0.003742118
77	0.796875	0.80078125	0.003722661	0.003877556	0.004308742	0.003501653
78	0.80078125	0.8046875	0.003814473	0.003958538	0.004434615	0.004000469
79	0.8046875	0.80859375	0.003877708	0.003943814	0.004426602	0.003765966
80	0.80859375	0.8125	0.00395736	0.004058406	0.00444797	0.003986558
81	0.8125	0.81640625	0.004019075	0.004170437	0.004591873	0.004002457
82	0.81640625	0.8203125	0.004107239	0.004227733	0.004669334	0.004054127
83	0.8203125	0.82421875	0.004177467	0.004286309	0.004767161	0.004133619
84	0.82421875	0.828125	0.004218813	0.004350647	0.004842618	0.004171378
85	0.828125	0.83203125	0.004261679	0.004341364	0.004849964	0.004077974
86	0.83203125	0.8359375	0.004373861	0.004565427	0.005005219	0.00439992
87	0.8359375	0.83984375	0.004496682	0.004682259	0.005093363	0.004380046
88	0.83984375	0.84375	0.004583023	0.004678738	0.005185849	0.004556918
89	0.84375	0.84765625	0.004745367	0.004911763	0.005337431	0.004670195
90	0.84765625	0.8515625	0.00477364	0.004875913	0.005325077	0.00464436
91	0.8515625	0.85546875	0.004875485	0.005042359	0.005483003	0.004610575
92	0.85546875	0.859375	0.005049989	0.005158551	0.005737421	0.004950407
93	0.859375	0.86328125	0.005094071	0.00522833	0.005786168	0.004813282
94	0.86328125	0.8671875	0.00527192	0.00537013	0.00583024	0.004980216
95	0.8671875	0.87109375	0.005441864	0.005639965	0.006047931	0.005218695
96	0.87109375	0.875	0.005454329	0.005629722	0.006076979	0.005117341
97	0.875	0.87890625	0.005712133	0.005813133	0.006383816	0.005244529
98	0.87890625	0.8828125	0.005957777	0.00605512	0.006532727	0.005473071
99	0.8828125	0.88671875	0.006052326	0.006165871	0.006622875	0.005628082
100	0.88671875	0.890625	0.006178188	0.006335838	0.00684958	0.005950027
101	0.890625	0.89453125	0.0065047	0.006609194	0.007240222	0.006093114
102	0.89453125	0.8984375	0.006698357	0.006767318	0.007333375	0.006190492
103	0.8984375	0.90234375	0.006976227	0.007228886	0.00770198	0.006560133
104	0.90234375	0.90625	0.007168364	0.007402054	0.007812161	0.006494552
105	0.90625	0.91015625	0.007482411	0.007734946	0.008167077	0.006740979
106	0.91015625	0.9140625	0.007917456	0.007962849	0.008398791	0.007005293
107	0.9140625	0.91796875	0.008208702	0.008237805	0.008842185	0.007366984
108	0.91796875	0.921875	0.008518797	0.00865072	0.00912298	0.007472312
109	0.921875	0.92578125	0.009061464	0.009111648	0.009626808	0.007957217
110	0.92578125	0.9296875	0.009603218	0.00962283	0.010109266	0.008563349
111	0.9296875	0.93359375	0.010045256	0.010264608	0.01064381	0.009018444
112	0.93359375	0.9375	0.010565729	0.010601021	0.011202061	0.00925096
113	0.9375	0.94140625	0.011395994	0.011413727	0.011831427	0.009906775
114	0.94140625	0.9453125	0.012208625	0.012314457	0.012667133	0.010634133
115	0.9453125	0.94921875	0.013210657	0.013209425	0.013470786	0.011301871
116	0.94921875	0.953125	0.014378986	0.014402076	0.014568254	0.012309441
117	0.99609375	1	0.5271549	0.5133005	0.4613452	0.42681804
