bucket	range_start	range_end	ARPE19 #2 poly(A)	ARPE19 #1	ARPE19 #2	CRO-AP5	NHDF	IVT RN7SK	IVT EBER2
1	0.5	0.50390625	0.015803235	0.005958357	0.005770798	0.007657889	0.006344833	0.013228649	0.013230636
2	0.50390625	0.5078125	0.015992986	0.006386218	0.006534908	0.008225504	0.006811037	0.012206342	0.013323809
3	0.5078125	0.51171875	0.015639612	0.006802892	0.007075544	0.008268978	0.007294856	0.012799281	0.012951115
4	0.51171875	0.515625	0.015323361	0.007268971	0.007719323	0.008572471	0.007816252	0.013944264	0.013323809
5	0.515625	0.51953125	0.015076126	0.007709883	0.008062271	0.008788198	0.008396365	0.013126418	0.014084726
6	0.51953125	0.5234375	0.014776813	0.008533911	0.008943276	0.009099894	0.009036368	0.013126418	0.013541214
7	0.5234375	0.52734375	0.0145503	0.009352346	0.009746924	0.009446862	0.00993472	0.012983295	0.014488477
8	0.52734375	0.53125	0.014277837	0.01015307	0.010743964	0.010135875	0.010649879	0.013105973	0.01388285
9	0.53125	0.53515625	0.014111332	0.011138361	0.0118175	0.010426245	0.011615167	0.01396471	0.014814585
10	0.53515625	0.5390625	0.013860312	0.012120856	0.01260138	0.010905273	0.012672052	0.012737942	0.014535064
11	0.5390625	0.54296875	0.013611815	0.012807857	0.013672339	0.01144336	0.01379235	0.013249096	0.015016461
12	0.54296875	0.546875	0.013235376	0.013619767	0.014540451	0.011686155	0.014329013	0.013085526	0.015513386
13	0.546875	0.55078125	0.013343317	0.014099829	0.015017482	0.012265254	0.015086447	0.013760248	0.015715262
14	0.55078125	0.5546875	0.012986159	0.014515571	0.015191105	0.012516251	0.015688872	0.013474003	0.015342568
15	0.5546875	0.55859375	0.012813166	0.014429812	0.01505788	0.012899309	0.016204396	0.01253348	0.015218336
16	0.55859375	0.5625	0.012522683	0.0143338	0.015060458	0.013028909	0.015919037	0.013228649	0.015777377
17	0.5625	0.56640625	0.012263014	0.014454981	0.015080228	0.013099452	0.015740542	0.013187757	0.015715262
18	0.56640625	0.5703125	0.011961718	0.015664922	0.015466151	0.013432475	0.015347146	0.012758388	0.015901608
19	0.5703125	0.57421875	0.011744937	0.050847378	0.0408984	0.018437663	0.046727236	0.013903372	0.015109634
20	0.57421875	0.578125	0.011584017	0.015043173	0.015034673	0.013729407	0.0152532	0.012737942	0.014830113
21	0.578125	0.58203125	0.011386517	0.014478285	0.014453639	0.014093599	0.014974888	0.012901511	0.015622089
22	0.58203125	0.5859375	0.011084502	0.014473625	0.014146792	0.013853265	0.014024865	0.012901511	0.014379775
23	0.5859375	0.58984375	0.011180008	0.014692681	0.014280017	0.014169883	0.014122333	0.013801141	0.014643767
24	0.58984375	0.59375	0.010888984	0.014454049	0.014053104	0.013986146	0.013918002	0.011490728	0.014240015
25	0.59375	0.59765625	0.01080393	0.014570569	0.01429205	0.014246986	0.014150517	0.012165451	0.013510156
26	0.59765625	0.6015625	0.01055309	0.014596669	0.013940508	0.014370845	0.01417048	0.01253348	0.014224486
27	0.6015625	0.60546875	0.010510203	0.014396255	0.014353936	0.014480758	0.01416226	0.012615265	0.013774147
28	0.60546875	0.609375	0.010397036	0.014819455	0.014555062	0.014277336	0.014373637	0.012901511	0.012966644
29	0.609375	0.61328125	0.010361717	0.014877249	0.014601477	0.014367564	0.014657822	0.012594819	0.013556743
30	0.61328125	0.6171875	0.010207825	0.015090713	0.014912621	0.014369205	0.015223842	0.012165451	0.013168519
31	0.6171875	0.62109375	0.010118626	0.015320024	0.015037252	0.014378227	0.015826266	0.011347605	0.011801975
32	0.62109375	0.625	0.010144755	0.015669584	0.01580566	0.014408576	0.0165426	0.013187757	0.012702652
33	0.625	0.62890625	0.010046906	0.015649077	0.016230261	0.014166602	0.017096877	0.011715635	0.011770917
34	0.62890625	0.6328125	0.010131781	0.01606575	0.016776055	0.014438926	0.017998753	0.011838312	0.012329958
35	0.6328125	0.63671875	0.010088353	0.016191592	0.016719326	0.013963179	0.01821835	0.011470282	0.01201938
36	0.63671875	0.640625	0.010016632	0.016269894	0.016917875	0.013939392	0.018086826	0.011470282	0.010916827
37	0.640625	0.64453125	0.010200617	0.016507594	0.016977182	0.013790106	0.017727485	0.010754667	0.010792596
38	0.64453125	0.6484375	0.010007082	0.01644048	0.016996091	0.013322561	0.016745757	0.010918236	0.011242935
39	0.6484375	0.65234375	0.009880401	0.017160105	0.017670812	0.013452161	0.01622436	0.010591098	0.010792596
40	0.65234375	0.65625	0.009793184	0.018685116	0.019445715	0.013277447	0.016739884	0.010754667	0.011242935
41	0.65625	0.66015625	0.009570275	0.021344565	0.022437694	0.013508759	0.0184356	0.010182175	0.011010001
42	0.66015625	0.6640625	0.00928736	0.024859734	0.026262544	0.014173164	0.021497043	0.010202621	0.011553513
43	0.6640625	0.66796875	0.009057244	0.028462525	0.029967064	0.014877762	0.024693532	0.009895929	0.011646686
44	0.66796875	0.671875	0.008823344	0.028782256	0.030901358	0.014834289	0.025384031	0.009855037	0.011615628
45	0.671875	0.67578125	0.008682067	0.026548805	0.028951973	0.0142921	0.0239772	0.010161729	0.010963414
46	0.67578125	0.6796875	0.008225258	0.024251966	0.026428431	0.013672809	0.021540493	0.009957268	0.010668364
47	0.6796875	0.68359375	0.008095513	0.02139863	0.023824094	0.013269244	0.019976303	0.009302991	0.01088577
48	0.68359375	0.6875	0.007810616	0.018960103	0.020546757	0.012388292	0.017923597	0.00963013	0.009581341
49	0.6875	0.69140625	0.007664294	0.01639387	0.017730977	0.011791147	0.015360063	0.009323438	0.009146531
50	0.69140625	0.6953125	0.007400299	0.013611377	0.014566236	0.010696929	0.012874034	0.00883273	0.009177589
51	0.6953125	0.69921875	0.007246949	0.011658506	0.01203152	0.010037445	0.010170758	0.009241653	0.008540903
52	0.69921875	0.703125	0.007031248	0.009460476	0.009537201	0.009270507	0.008293025	0.009262099	0.008463259
53	0.703125	0.70703125	0.006993407	0.008064102	0.007863722	0.008408421	0.006834523	0.008117115	0.008183738
54	0.70703125	0.7109375	0.006872672	0.006720862	0.006543504	0.008136096	0.005889199	0.008812284	0.006910367
55	0.7109375	0.71484375	0.00666436	0.005846498	0.005663358	0.007571762	0.00524215	0.007646855	0.007127772
56	0.71484375	0.71875	0.006680037	0.005392537	0.005034192	0.007216592	0.004893378	0.008301131	0.007407292
57	0.71875	0.72265625	0.006534435	0.004863071	0.004483241	0.007043519	0.004781818	0.008382916	0.006630847
58	0.72265625	0.7265625	0.006494431	0.004583423	0.0043079	0.006959853	0.004551652	0.007074363	0.0064445
59	0.7265625	0.73046875	0.006468842	0.004575966	0.00414717	0.007105038	0.004376679	0.008035331	0.007065656
60	0.73046875	0.734375	0.006472447	0.004389534	0.004036292	0.006849939	0.004490587	0.007442393	0.006770607
61	0.734375	0.73828125	0.006368651	0.00433174	0.003770701	0.0067228	0.004248678	0.006706332	0.006133921
62	0.73828125	0.7421875	0.006266297	0.004094972	0.003735461	0.006585817	0.004150035	0.007074363	0.005792285
63	0.7421875	0.74609375	0.006334773	0.004069804	0.003679593	0.006504612	0.004069008	0.006890347	0.006366855
64	0.74609375	0.75	0.006339819	0.004055821	0.003654667	0.006676865	0.004036127	0.006583655	0.005994161
65	0.75	0.75390625	0.006187369	0.003971927	0.003591922	0.006470161	0.003941007	0.006195179	0.005574881
66	0.75390625	0.7578125	0.006040506	0.003806935	0.003465573	0.006382394	0.004029081	0.00639964	0.005807814
67	0.7578125	0.76171875	0.006055102	0.003735159	0.003385638	0.006392237	0.003997374	0.006808563	0.006025219
68	0.76171875	0.765625	0.005915626	0.003663383	0.00324038	0.006243771	0.00374607	0.006379194	0.005776756
69	0.765625	0.76953125	0.005880307	0.003546863	0.003322033	0.006169128	0.003724933	0.006195179	0.005543822
70	0.76953125	0.7734375	0.005743895	0.003532881	0.003059021	0.006032966	0.003676786	0.006420086	0.005636996
71	0.7734375	0.77734375	0.005746779	0.00340331	0.003145833	0.005811498	0.003685006	0.005745364	0.005559351
72	0.77734375	0.78125	0.005715784	0.00342475	0.003023781	0.005940277	0.003636859	0.006317856	0.005093484
73	0.78125	0.78515625	0.005567299	0.003223404	0.002876804	0.005685179	0.003434876	0.006420086	0.004751848
74	0.78515625	0.7890625	0.00543377	0.003142306	0.002863051	0.005573624	0.003418436	0.005172872	0.005761228
75	0.7890625	0.79296875	0.005471792	0.003128324	0.002768504	0.005676155	0.003524125	0.006052056	0.005605938
76	0.79296875	0.796875	0.005404578	0.003031379	0.002672239	0.005364459	0.00330805	0.00576581	0.004643146
77	0.796875	0.80078125	0.005356284	0.003020193	0.002699743	0.005327548	0.003357372	0.006440532	0.004938195
78	0.80078125	0.8046875	0.005196626	0.002890623	0.002541592	0.005203689	0.00327517	0.005438672	0.005046897
79	0.8046875	0.80859375	0.00521771	0.002712581	0.002447905	0.005243062	0.003102545	0.005254657	0.004317038
80	0.80859375	0.8125	0.005153558	0.002684616	0.002422979	0.005084753	0.003123683	0.005315995	0.004891608
81	0.8125	0.81640625	0.005132114	0.0025653	0.002308663	0.005025695	0.00297337	0.005193318	0.005124542
82	0.81640625	0.8203125	0.00508346	0.002527082	0.002266547	0.004895274	0.003037958	0.005704471	0.003975402
83	0.8203125	0.82421875	0.004968312	0.002527082	0.002158247	0.004837856	0.002840672	0.005540902	0.004425741
84	0.82421875	0.828125	0.004940741	0.002356497	0.002075734	0.004593421	0.002824232	0.005377334	0.004472327
85	0.828125	0.83203125	0.004944525	0.002455305	0.002000956	0.004693492	0.002717369	0.005193318	0.004301509
86	0.83203125	0.8359375	0.004913711	0.002239045	0.001915004	0.004447416	0.002549442	0.004763949	0.004410212
87	0.8359375	0.83984375	0.00475964	0.002086171	0.001896095	0.00433258	0.002530653	0.005254657	0.004410212
88	0.83984375	0.84375	0.004772614	0.002083374	0.001828193	0.004308793	0.002561185	0.005643133	0.003835642
89	0.84375	0.84765625	0.004805591	0.001998548	0.001778341	0.004273522	0.002476634	0.004825288	0.00414622
90	0.84765625	0.8515625	0.004657466	0.001903468	0.001698406	0.004070919	0.002333368	0.004191458	0.004068576
91	0.8515625	0.85546875	0.004703057	0.001841013	0.001689811	0.003933116	0.002237073	0.004293688	0.004053047
92	0.85546875	0.859375	0.00459836	0.001812116	0.001582371	0.003948702	0.002119642	0.00513198	0.003897758
93	0.859375	0.86328125	0.004619263	0.001847538	0.001558305	0.003805157	0.002132559	0.004375473	0.004130691
94	0.86328125	0.8671875	0.004606109	0.001752458	0.001458601	0.003760863	0.001982247	0.004395919	0.003851171
95	0.8671875	0.87109375	0.004512044	0.001683478	0.001463758	0.003544316	0.001929403	0.004457257	0.003571651
96	0.87109375	0.875	0.004467174	0.001506368	0.001321078	0.003500023	0.001868338	0.004559488	0.003618237
97	0.875	0.87890625	0.004465552	0.001476539	0.001320218	0.003487719	0.001679273	0.004375473	0.003633766
98	0.87890625	0.8828125	0.004424827	0.001372137	0.001205043	0.003372063	0.00169219	0.004191458	0.003835642
99	0.8828125	0.88671875	0.004351485	0.001337647	0.001184415	0.003293319	0.001633475	0.004068781	0.003944344
100	0.88671875	0.890625	0.004309679	0.001310615	0.001096744	0.003066929	0.001481988	0.004211904	0.003354246
101	0.890625	0.89453125	0.004366442	0.001246296	0.001073537	0.003197349	0.001523089	0.004334581	0.003571651
102	0.89453125	0.8984375	0.004268953	0.001190366	0.001073537	0.003008691	0.001405657	0.004150565	0.003618237
103	0.8984375	0.90234375	0.004284991	0.001152148	0.000937733	0.003036579	0.001312886	0.004007442	0.003944344
104	0.90234375	0.90625	0.004157589	0.001099947	0.000964378	0.002936508	0.001261216	0.004007442	0.003851171
105	0.90625	0.91015625	0.004163896	0.001074779	0.000878427	0.002835617	0.001257693	0.004068781	0.003090254
106	0.91015625	0.9140625	0.00410443	0.001025374	0.000860377	0.002765075	0.001147308	0.003516735	0.003338717
107	0.9140625	0.91796875	0.004100826	0.000945209	0.000806227	0.002888113	0.00112617	0.004293688	0.002810734
108	0.91796875	0.921875	0.004070192	0.000844536	0.000809665	0.002736366	0.001058059	0.00370075	0.003416361
109	0.921875	0.92578125	0.004084788	0.000897669	0.000828574	0.002771637	0.001049839	0.003986996	0.003307659
110	0.92578125	0.9296875	0.003997391	0.000877161	0.000804508	0.002735546	0.001087417	0.003884766	0.003276601
111	0.9296875	0.93359375	0.00392531	0.000882754	0.000743482	0.002738827	0.000966463	0.003496289	0.002670973
112	0.93359375	0.9375	0.00391558	0.000887415	0.000728871	0.002678949	0.001009913	0.003986996	0.002670973
113	0.9375	0.94140625	0.003896298	0.000835214	0.00074692	0.002757693	0.000964114	0.00396655	0.002748618
114	0.94140625	0.9453125	0.003863141	0.000855722	0.000734887	0.002718321	0.000942976	0.003434951	0.003012609
115	0.9453125	0.94921875	0.003809622	0.00083801	0.00074778	0.002660083	0.000930059	0.003905212	0.002670973
116	0.94921875	0.953125	0.003805657	0.000812842	0.00069449	0.002688792	0.000906573	0.003680304	0.002748618
117	0.953125	0.95703125	0.003775384	0.00083335	0.000741763	0.002721602	0.000945325	0.003169151	0.002810734
118	0.95703125	0.9609375	0.00375394	0.000824028	0.00072973	0.002764255	0.000854903	0.003291828	0.002903907
119	0.9609375	0.96484375	0.003778087	0.000851061	0.000704804	0.002690432	0.000872517	0.002780674	0.002764147
120	0.96484375	0.96875	0.003747272	0.000810978	0.00069363	0.002713399	0.000999344	0.00296469	0.002702031
121	0.96875	0.97265625	0.003730694	0.000844536	0.000673002	0.002741288	0.000898352	0.003557627	0.002702031
122	0.97265625	0.9765625	0.003724387	0.000776488	0.000679019	0.002883192	0.000965288	0.003046474	0.002562271
123	0.9765625	0.98046875	0.003786196	0.000851993	0.000717697	0.002918463	0.000944151	0.002494429	0.002500155
124	0.98046875	0.984375	0.003849806	0.000839875	0.000662688	0.00287745	0.000939453	0.003189597	0.002733089
125	0.984375	0.98828125	0.004018114	0.000824028	0.000670423	0.003210473	0.000998169	0.003087366	0.002919436
126	0.98828125	0.9921875	0.004605208	0.000917244	0.00074778	0.003356478	0.001042793	0.002657997	0.002375924
127	0.9921875	0.99609375	0.006579306	0.000917244	0.00080107	0.003678838	0.001068628	0.002801121	0.002375924
128	0.99609375	1	0.045048896	0.001271464	0.001105339	0.004485968	0.001604117	0.002289967	0.001770296
