bucket	range_start	range_end	ARPE19 #2 poly(A)	ARPE19 #1	ARPE19 #2	CRO-AP5	NHDF	IVT RN7SK	IVT EBER2
1	0.5	0.50390625	0.015269109	0.008667648	0.008425515	0.010785197	0.008766477	0.011475558	0.011215693
2	0.50390625	0.5078125	0.015524383	0.008962796	0.008795039	0.01099325	0.009038596	0.011927351	0.010665905
3	0.5078125	0.51171875	0.015287303	0.009211244	0.008844676	0.010703926	0.009313381	0.012258667	0.011149718
4	0.51171875	0.515625	0.01514791	0.008714349	0.008708634	0.010722347	0.0089719	0.012439384	0.012227304
5	0.515625	0.51953125	0.014986685	0.008682592	0.008730695	0.010593398	0.009027924	0.012951417	0.011347642
6	0.51953125	0.5234375	0.014714617	0.008775993	0.008589136	0.010768943	0.008966564	0.011746634	0.012337263
7	0.5234375	0.52734375	0.014686626	0.00867512	0.008578105	0.010570642	0.008979904	0.012559863	0.011039761
8	0.52734375	0.53125	0.014453745	0.008587323	0.008568913	0.010537049	0.008899869	0.011897232	0.010995777
9	0.53125	0.53515625	0.014186436	0.008596663	0.008778493	0.010442775	0.009220008	0.012318906	0.012051372
10	0.53515625	0.5390625	0.014137453	0.008671384	0.008550528	0.010331163	0.009129302	0.011174362	0.010621921
11	0.5390625	0.54296875	0.013869863	0.00858919	0.00861855	0.010295403	0.008755806	0.010662329	0.010511964
12	0.54296875	0.546875	0.013627465	0.008895547	0.00875827	0.010284567	0.008670435	0.011204482	0.010555946
13	0.546875	0.55078125	0.013438529	0.008733029	0.008704957	0.010436273	0.008961229	0.010873167	0.010841837
14	0.55078125	0.5546875	0.013387026	0.008733029	0.008668188	0.010046173	0.008942554	0.011836993	0.01158955
15	0.5546875	0.55859375	0.013245675	0.008800278	0.008708634	0.010156701	0.008747802	0.010812927	0.010116115
16	0.55859375	0.5625	0.012986482	0.008716216	0.008872253	0.009921557	0.008950558	0.011234601	0.009962174
17	0.5625	0.56640625	0.012894394	0.008615343	0.00860752	0.010050507	0.008392981	0.010752688	0.009676284
18	0.56640625	0.5703125	0.01269734	0.00868446	0.00871231	0.009821865	0.008761141	0.011053884	0.010292048
19	0.5703125	0.57421875	0.012513163	0.008727425	0.008798716	0.009794774	0.008843844	0.011957471	0.010270056
20	0.57421875	0.578125	0.012362014	0.008886207	0.008791362	0.00990747	0.008675771	0.01063221	0.010226073
21	0.578125	0.58203125	0.012251452	0.008740502	0.008679219	0.009756848	0.009059938	0.010843047	0.010358023
22	0.58203125	0.5859375	0.011887294	0.008762918	0.009023004	0.009857624	0.008865187	0.011716515	0.010138107
23	0.5859375	0.58984375	0.011909407	0.008755446	0.00902852	0.009786106	0.008950558	0.011686395	0.009830225
24	0.58984375	0.59375	0.011655813	0.008893679	0.008988074	0.009811029	0.008571726	0.0113852	0.010138107
25	0.59375	0.59765625	0.011514461	0.008783465	0.008828131	0.009812112	0.009001246	0.00990934	0.009852217
26	0.59765625	0.6015625	0.011358554	0.008846979	0.008855707	0.009762267	0.009017253	0.009999699	0.01005014
27	0.6015625	0.60546875	0.011255829	0.008899284	0.009017489	0.00981753	0.008979904	0.010571971	0.009324419
28	0.60546875	0.609375	0.011080608	0.008678856	0.008756432	0.009230212	0.008729127	0.009728623	0.009632302
29	0.609375	0.61328125	0.010914624	0.008977741	0.008638773	0.009521704	0.009054602	0.010571971	0.009610309
30	0.61328125	0.6171875	0.010790906	0.008856319	0.008699441	0.009531457	0.00887319	0.009758743	0.009170478
31	0.6171875	0.62109375	0.010673906	0.008889943	0.009092865	0.009346159	0.008854516	0.009306949	0.008752639
32	0.62109375	0.625	0.010503443	0.008966533	0.009212363	0.009212875	0.008894533	0.009457546	0.009632302
33	0.625	0.62890625	0.010185751	0.008865659	0.008989912	0.009261637	0.008809162	0.009517785	0.010072133
34	0.62890625	0.6328125	0.010232495	0.00903565	0.009155371	0.009092594	0.009014585	0.010812927	0.008730647
35	0.6328125	0.63671875	0.010037681	0.009095427	0.008967851	0.009069838	0.00844367	0.008373242	0.009104504
36	0.63671875	0.640625	0.00995147	0.008888075	0.008866738	0.009195536	0.008569058	0.009487666	0.009346411
37	0.640625	0.64453125	0.009821874	0.008861923	0.009057934	0.009170614	0.008947889	0.009397307	0.009412386
38	0.64453125	0.6484375	0.009698995	0.008824563	0.008929244	0.00912727	0.008659764	0.010029818	0.008642681
39	0.6484375	0.65234375	0.009481509	0.008841375	0.009162725	0.008931136	0.008040829	0.008855155	0.008796622
40	0.65234375	0.65625	0.009413492	0.008955324	0.008966013	0.008964728	0.008801159	0.010361134	0.009346411
41	0.65625	0.66015625	0.009206642	0.008974005	0.008897991	0.008840112	0.008622414	0.008794916	0.00862069
42	0.66015625	0.6640625	0.009080405	0.008658308	0.008763786	0.008785931	0.00829694	0.009849101	0.009104504
43	0.6640625	0.66796875	0.009024984	0.00865644	0.008745402	0.008699242	0.008390314	0.00921659	0.009148487
44	0.66796875	0.671875	0.008879713	0.008314591	0.008624066	0.008719831	0.008315614	0.009126231	0.008400775
45	0.671875	0.67578125	0.008797981	0.008535018	0.008927406	0.008578961	0.008424996	0.009337069	0.008224841
46	0.67578125	0.6796875	0.008614363	0.008587323	0.008754593	0.008424005	0.008142206	0.008975633	0.008400775
47	0.6796875	0.68359375	0.008549985	0.008480845	0.008528467	0.008654814	0.008110192	0.008644318	0.009302428
48	0.68359375	0.6875	0.008441662	0.008559302	0.008708634	0.008300473	0.008072842	0.008313003	0.008686665
49	0.6875	0.69140625	0.008433264	0.008208113	0.008469638	0.008542119	0.007966129	0.008614198	0.00820285
50	0.69140625	0.6953125	0.008174632	0.0083725	0.008506406	0.008495523	0.007888762	0.008403362	0.007850985
51	0.6953125	0.69921875	0.008141323	0.008323931	0.008169973	0.008168272	0.007832738	0.00780097	0.008598698
52	0.69921875	0.703125	0.008028802	0.00822119	0.00823248	0.008144433	0.007907437	0.00921659	0.008092892
53	0.703125	0.70703125	0.007865616	0.008273494	0.008142397	0.008217035	0.0080515	0.008282883	0.008840606
54	0.70703125	0.7109375	0.007935313	0.007985818	0.008236157	0.008228954	0.007640655	0.008252763	0.007938951
55	0.7109375	0.71484375	0.007628257	0.008032518	0.008120337	0.008154186	0.007563287	0.007529894	0.008840606
56	0.71484375	0.71875	0.007569756	0.00807922	0.008017384	0.008104339	0.007469914	0.008674437	0.00862069
57	0.71875	0.72265625	0.007473469	0.008019443	0.008348301	0.007850774	0.007555284	0.008403362	0.007455137
58	0.72265625	0.7265625	0.007374943	0.008124052	0.008094599	0.007981891	0.007547281	0.008373242	0.007872976
59	0.7265625	0.73046875	0.007392017	0.007778467	0.007956716	0.008047991	0.007691343	0.008885275	0.008180859
60	0.73046875	0.734375	0.007250665	0.007998894	0.007837218	0.007833436	0.007283166	0.008282883	0.007719036
61	0.734375	0.73828125	0.007055011	0.007918569	0.007767358	0.007725074	0.007307176	0.008222644	0.007894969
62	0.73828125	0.7421875	0.0070287	0.007918569	0.008026577	0.007623215	0.007325851	0.007680492	0.007982935
63	0.7421875	0.74609375	0.00690918	0.007806487	0.008006354	0.007844272	0.007301841	0.007620252	0.008312807
64	0.74609375	0.75	0.006884549	0.007666385	0.007862956	0.007643804	0.00740055	0.007650372	0.007894969
65	0.75	0.75390625	0.006827728	0.007780335	0.008083568	0.007706653	0.00727783	0.007921448	0.008290816
66	0.75390625	0.7578125	0.006710168	0.007866264	0.008037607	0.007478011	0.007256487	0.007650372	0.007719036
67	0.7578125	0.76171875	0.006710168	0.008081087	0.008214096	0.007703402	0.007320515	0.00780097	0.007169247
68	0.76171875	0.765625	0.006442858	0.008038123	0.007921786	0.00725587	0.007096418	0.005873317	0.007521112
69	0.765625	0.76953125	0.006513115	0.007759787	0.008085406	0.007496432	0.007139103	0.007168459	0.007675053
70	0.76953125	0.7734375	0.006315781	0.007679462	0.007666245	0.007388071	0.006944352	0.007499774	0.007147255
71	0.7734375	0.77734375	0.006296188	0.007776599	0.007918109	0.007327389	0.007165781	0.007017861	0.007521112
72	0.77734375	0.78125	0.006400593	0.007871868	0.008214096	0.007406492	0.007371204	0.007198578	0.007543103
73	0.78125	0.78515625	0.006195702	0.007892417	0.008028415	0.007175683	0.007203131	0.006746785	0.007455137
74	0.78515625	0.7890625	0.006087938	0.007473978	0.007712205	0.00702181	0.00709375	0.006927502	0.008708656
75	0.7890625	0.79296875	0.006097455	0.007681329	0.00796407	0.007399991	0.0071311	0.007138339	0.007455137
76	0.79296875	0.796875	0.006012644	0.007698142	0.007789419	0.007110666	0.007123096	0.006987741	0.006795391
77	0.796875	0.80078125	0.005881368	0.007501999	0.007725074	0.006987135	0.006882992	0.006174513	0.007103272
78	0.80078125	0.8046875	0.005819509	0.007393653	0.007629476	0.006924285	0.007077743	0.00635523	0.007433146
79	0.8046875	0.80859375	0.005747854	0.007492659	0.007794934	0.006804004	0.00668824	0.007017861	0.00734518
80	0.80859375	0.8125	0.005743935	0.007322668	0.007405188	0.006817007	0.006925677	0.006716665	0.006971323
81	0.8125	0.81640625	0.005607901	0.007479582	0.007750812	0.006827843	0.006493489	0.006234752	0.007741028
82	0.81640625	0.8203125	0.005537925	0.007034992	0.00741438	0.006871188	0.0068243	0.0056926	0.006333568
83	0.8203125	0.82421875	0.00552253	0.007399257	0.007421733	0.006683723	0.006746933	0.005722719	0.007411154
84	0.82421875	0.828125	0.005439398	0.007259155	0.007131262	0.006606786	0.006485486	0.006325111	0.00734518
85	0.828125	0.83203125	0.005419245	0.007031256	0.007373935	0.00668589	0.00664022	0.005993796	0.006817382
86	0.83203125	0.8359375	0.005405809	0.006935986	0.007145969	0.00664688	0.006858981	0.005451643	0.007015306
87	0.8359375	0.83984375	0.005180486	0.006881814	0.006914327	0.006300124	0.006221371	0.006475708	0.006619458
88	0.83984375	0.84375	0.005153895	0.006900494	0.007035664	0.00650601	0.006792286	0.006114274	0.006421534
89	0.84375	0.84765625	0.00519952	0.006818301	0.007092655	0.00654502	0.006509496	0.005180567	0.006663441
90	0.84765625	0.8515625	0.004992669	0.006668859	0.006539288	0.006409569	0.005981267	0.0056926	0.006575475
91	0.8515625	0.85546875	0.005064325	0.006508208	0.006693716	0.00613108	0.006432129	0.005903437	0.006289585
92	0.85546875	0.859375	0.004928571	0.006717427	0.006561349	0.006085569	0.005919906	0.005120328	0.006553484
93	0.859375	0.86328125	0.00487315	0.006605346	0.006463913	0.006354305	0.006157343	0.00638535	0.006245602
94	0.86328125	0.8671875	0.004845999	0.006624026	0.006526419	0.006215602	0.006525503	0.005029969	0.00692734
95	0.8671875	0.87109375	0.004699608	0.006448431	0.006320515	0.006270866	0.006103986	0.00566248	0.006487509
96	0.87109375	0.875	0.004718362	0.006427883	0.006456559	0.006050893	0.006194693	0.00499985	0.006025686
97	0.875	0.87890625	0.004653704	0.006065486	0.006463913	0.005874264	0.005874554	0.006114274	0.006113652
98	0.87890625	0.8828125	0.004552938	0.006069222	0.006351769	0.005956619	0.006069305	0.004909491	0.005827762
99	0.8828125	0.88671875	0.004556017	0.006097242	0.006070489	0.005805997	0.005978599	0.005451643	0.00565183
100	0.88671875	0.890625	0.004554058	0.006112186	0.005996952	0.005708471	0.005943917	0.004728773	0.006333568
101	0.890625	0.89453125	0.00446057	0.00610845	0.005735895	0.005903522	0.005935913	0.004819132	0.006421534
102	0.89453125	0.8984375	0.004372399	0.006091638	0.00585907	0.005733395	0.005807858	0.00493961	0.005453906
103	0.8984375	0.90234375	0.004391433	0.005994501	0.005973052	0.005603361	0.005991938	0.005632361	0.005387931
104	0.90234375	0.90625	0.004316418	0.005660124	0.005697288	0.005580605	0.005517065	0.004668534	0.005585855
105	0.90625	0.91015625	0.004247841	0.005749789	0.005899515	0.005636953	0.005778512	0.004668534	0.00593772
106	0.91015625	0.9140625	0.004095293	0.005714296	0.005649489	0.005372551	0.005783848	0.003945665	0.006003695
107	0.9140625	0.91796875	0.004217612	0.005830114	0.005537345	0.005492833	0.005738495	0.004126382	0.005673821
108	0.91796875	0.921875	0.004081018	0.005647047	0.005518961	0.005437568	0.005797186	0.004668534	0.004926108
109	0.921875	0.92578125	0.00416331	0.005732977	0.005520799	0.005493916	0.005837204	0.004879371	0.005761787
110	0.92578125	0.9296875	0.004081578	0.005839454	0.005546537	0.005329207	0.005885225	0.004578176	0.005146024
111	0.9296875	0.93359375	0.003977733	0.005460245	0.005436231	0.005272859	0.005655792	0.004548056	0.004882125
112	0.93359375	0.9375	0.00398585	0.005656388	0.005248712	0.005243602	0.005618442	0.004728773	0.005299965
113	0.9375	0.94140625	0.003888723	0.005734845	0.005463808	0.005344377	0.005906567	0.00427698	0.005321956
114	0.94140625	0.9453125	0.003946384	0.005562986	0.005423362	0.005426732	0.005951921	0.004879371	0.005102041
115	0.9453125	0.94921875	0.003879766	0.005639575	0.005467485	0.005262023	0.006133333	0.003764947	0.004618227
116	0.94921875	0.953125	0.00380895	0.00557793	0.005408655	0.005179668	0.006023952	0.00496973	0.004552252
117	0.953125	0.95703125	0.00386745	0.005770337	0.005206428	0.005294531	0.005967927	0.004578176	0.00424437
118	0.95703125	0.9609375	0.00380923	0.005680672	0.00525055	0.005236016	0.006269392	0.004879371	0.004728185
119	0.9609375	0.96484375	0.003794955	0.005729241	0.005708319	0.005226264	0.006520168	0.004728773	0.00424437
120	0.96484375	0.96875	0.003767804	0.005781545	0.005680742	0.005252271	0.006637552	0.004036023	0.004574243
121	0.96875	0.97265625	0.003827984	0.006013181	0.005561245	0.005441903	0.006864317	0.004728773	0.004046446
122	0.97265625	0.9765625	0.003744852	0.006300857	0.005748764	0.005455989	0.007352529	0.004457697	0.003606615
123	0.9765625	0.98046875	0.003859333	0.006573589	0.006315	0.005709555	0.007467246	0.005090208	0.004420303
124	0.98046875	0.984375	0.003805032	0.006973347	0.006397729	0.005895936	0.008232912	0.005090208	0.004596235
125	0.984375	0.98828125	0.003891242	0.007606608	0.007074271	0.006169007	0.009252021	0.005752839	0.004134412
126	0.98828125	0.9921875	0.003946943	0.008757314	0.008138721	0.006760659	0.011047469	0.005542002	0.00453026
127	0.9921875	0.99609375	0.004088016	0.010616001	0.010359542	0.007854024	0.013795329	0.00638535	0.00466221
128	0.99609375	1	0.00519616	0.024962453	0.024785684	0.012819137	0.03451634	0.007560013	0.007059289
