bucket	range_start	range_end	ARPE19 #2 poly(A)	ARPE19 #1	ARPE19 #2	CRO-AP5	NHDF	IVT RN7SK	IVT EBER2
1	0.5	0.50390625	0.000912309	0.004298115	0.004218489	0.001116549	0.003128646	0.001214712	0.000797361
2	0.50390625	0.5078125	0.000921775	0.004308996	0.004149378	0.001124004	0.003281421	0.001134495	0.000807621
3	0.5078125	0.51171875	0.000933934	0.004351615	0.004117066	0.001121482	0.00316383	0.001277739	0.00077684
4	0.51171875	0.515625	0.000936998	0.00419837	0.004213104	0.001133651	0.003138831	0.001297794	0.000834004
5	0.515625	0.51953125	0.000962461	0.004309903	0.004178997	0.00114264	0.003109202	0.001220442	0.000798826
6	0.51953125	0.5234375	0.000963041	0.00425459	0.004117963	0.001144723	0.003110128	0.001194658	0.000768046
7	0.5234375	0.52734375	0.000975684	0.004331666	0.004214001	0.001143956	0.003232348	0.001326442	0.000829607
8	0.52734375	0.53125	0.000989036	0.004338013	0.004110783	0.001145381	0.003122164	0.001294929	0.000847196
9	0.53125	0.53515625	0.00099597	0.004258217	0.003986921	0.001139352	0.00308235	0.001082927	0.00083547
10	0.53515625	0.5390625	0.001008403	0.004299022	0.004205924	0.001164456	0.003195311	0.001128765	0.000850127
11	0.5390625	0.54296875	0.001010145	0.004290861	0.004153865	0.001193726	0.003221237	0.001352226	0.000813484
12	0.54296875	0.546875	0.001023562	0.004278166	0.004146685	0.001190109	0.003144386	0.001306388	0.000822278
13	0.546875	0.55078125	0.00103177	0.004295395	0.004086549	0.001188245	0.00316383	0.001312118	0.000839867
14	0.55078125	0.5546875	0.001041429	0.004278166	0.004173611	0.001198221	0.003244384	0.001329307	0.000851593
15	0.5546875	0.55859375	0.001051234	0.004266378	0.004046159	0.001209732	0.003098091	0.001326442	0.000823744
16	0.55859375	0.5625	0.001067634	0.004166633	0.004058725	0.001213021	0.003114757	0.001406659	0.000867716
17	0.5625	0.56640625	0.001087308	0.004234641	0.004123349	0.001206443	0.003181423	0.001346497	0.000897031
18	0.56640625	0.5703125	0.001077568	0.004161192	0.004119759	0.001195809	0.003104572	0.001335037	0.000807621
19	0.5703125	0.57421875	0.001093694	0.004192022	0.004170919	0.001224641	0.003345308	0.001426713	0.000848661
20	0.57421875	0.578125	0.001099257	0.004222853	0.00402013	0.001238783	0.003271236	0.001398064	0.000894099
21	0.578125	0.58203125	0.001109384	0.004115854	0.004048852	0.001238783	0.00324994	0.001320713	0.000882373
22	0.58203125	0.5859375	0.001109416	0.004179328	0.004019233	0.001238345	0.003268458	0.001420984	0.000902894
23	0.5859375	0.58984375	0.001123897	0.004102252	0.004010257	0.001260379	0.00324994	0.001340767	0.00086625
24	0.58984375	0.59375	0.001120124	0.004190209	0.004046159	0.001252158	0.003386974	0.001552768	0.000873579
25	0.59375	0.59765625	0.001147151	0.004143963	0.003981536	0.001281209	0.003304568	0.001400929	0.00097618
26	0.59765625	0.6015625	0.001156601	0.003997972	0.004126939	0.001286909	0.003398085	0.001329307	0.000971783
27	0.6015625	0.60546875	0.001145635	0.004153031	0.004088344	0.001279674	0.003320309	0.001349361	0.000951263
28	0.60546875	0.609375	0.001167276	0.0043362	0.004179895	0.001291842	0.003411974	0.001337902	0.000932208
29	0.609375	0.61328125	0.001162229	0.004237361	0.004082959	0.001322099	0.003359197	0.001461092	0.001050933
30	0.61328125	0.6171875	0.001176645	0.004233734	0.004198743	0.001339859	0.003404567	0.001406659	0.000973249
31	0.6171875	0.62109375	0.001194094	0.004140336	0.004046159	0.001319359	0.003403641	0.001549903	0.001086111
32	0.62109375	0.625	0.001185853	0.004197463	0.003994999	0.001329335	0.003383271	0.001386605	0.000942468
33	0.625	0.62890625	0.001199609	0.004030617	0.004003077	0.001320455	0.003355493	0.001484011	0.000957126
34	0.62890625	0.6328125	0.001205172	0.003986185	0.003933965	0.001316618	0.003337901	0.001592877	0.001056796
35	0.6328125	0.63671875	0.001209929	0.004000693	0.003893576	0.001367814	0.003240681	0.001498336	0.001005495
36	0.63671875	0.640625	0.001198254	0.003967142	0.003890883	0.001352247	0.003228644	0.001615796	0.001059727
37	0.640625	0.64453125	0.001228523	0.003966235	0.004008462	0.001352137	0.003263828	0.001610066	0.001074385
38	0.64453125	0.6484375	0.001224362	0.003990718	0.003802026	0.001376694	0.003277717	0.001581417	0.001053864
39	0.6484375	0.65234375	0.001237569	0.004110413	0.003898961	0.001405306	0.003357345	0.00163585	0.001081713
40	0.65234375	0.65625	0.001218025	0.003860143	0.003819977	0.001393905	0.00319346	0.001670229	0.001171123
41	0.65625	0.66015625	0.001234409	0.003963515	0.003826259	0.001421312	0.003358271	0.001693148	0.00112422
42	0.66015625	0.6640625	0.00125247	0.003943566	0.003758045	0.001421312	0.003312902	0.001658769	0.001237081
43	0.6640625	0.66796875	0.001256807	0.003875558	0.003733811	0.001429643	0.003237903	0.001592877	0.001155
44	0.66796875	0.671875	0.001240682	0.003896414	0.003837928	0.001448938	0.003296235	0.001710337	0.00111396
45	0.671875	0.67578125	0.001263371	0.004024269	0.003849596	0.001448061	0.003424937	0.001678823	0.001159397
46	0.67578125	0.6796875	0.001256807	0.003908202	0.00384062	0.001450363	0.003379567	0.001716067	0.001207767
47	0.6796875	0.68359375	0.001268999	0.003858329	0.003786767	0.001487636	0.003355493	0.001675958	0.001212164
48	0.68359375	0.6875	0.001266886	0.003967142	0.003862161	0.001494762	0.003458269	0.001830662	0.001212164
49	0.6875	0.69140625	0.001278755	0.003977117	0.003794845	0.001510658	0.00339253	0.001790554	0.001261999
50	0.69140625	0.6953125	0.001269112	0.003916363	0.003683549	0.001523593	0.003371234	0.001819203	0.001316231
51	0.6953125	0.69921875	0.001289575	0.003912736	0.003886395	0.001545519	0.003429566	0.001804878	0.001210698
52	0.69921875	0.703125	0.001301105	0.003939032	0.003852288	0.00156876	0.003395308	0.00175904	0.001282519
53	0.703125	0.70703125	0.001297267	0.003896414	0.003885498	0.001547821	0.00342864	0.001836392	0.001272259
54	0.70703125	0.7109375	0.001300218	0.003979837	0.003904346	0.001580161	0.00345364	0.001933798	0.0013133
55	0.7109375	0.71484375	0.001315409	0.003972583	0.003855879	0.001594851	0.003377715	0.001819203	0.001332354
56	0.71484375	0.71875	0.001328681	0.004017015	0.003994999	0.001606252	0.003585119	0.001919474	0.001336751
57	0.71875	0.72265625	0.001323698	0.004034244	0.0038846	0.001670932	0.003556416	0.001988231	0.001380724
58	0.72265625	0.7265625	0.001345194	0.004048752	0.003942941	0.001664683	0.003490676	0.001925204	0.001480394
59	0.7265625	0.73046875	0.001354773	0.004145777	0.003848698	0.00168924	0.003470306	0.001976772	0.001380724
60	0.73046875	0.734375	0.001359626	0.004009761	0.003964482	0.001691871	0.003625859	0.002054123	0.001380724
61	0.734375	0.73828125	0.0013977	0.004234641	0.00392858	0.001760278	0.003700857	0.002082772	0.001528763
62	0.73828125	0.7421875	0.001403844	0.00406054	0.003911526	0.001726622	0.003605489	0.002099962	0.001424696
63	0.7421875	0.74609375	0.001413116	0.004075955	0.003929478	0.001779462	0.003672154	0.00201115	0.001468668
64	0.74609375	0.75	0.001416035	0.004208345	0.003956404	0.001782093	0.003705487	0.002185908	0.001452545
65	0.75	0.75390625	0.001453592	0.004113133	0.003982433	0.001810158	0.00367771	0.002197368	0.001552215
66	0.75390625	0.7578125	0.001458527	0.004214692	0.004052442	0.001819367	0.00367308	0.002111421	0.001648953
67	0.7578125	0.76171875	0.00150347	0.004117667	0.004052442	0.001848966	0.003733264	0.002234611	0.001657748
68	0.76171875	0.765625	0.001536205	0.004262751	0.004158353	0.001909261	0.003906409	0.00238645	0.00169146
69	0.765625	0.76953125	0.001514194	0.004209251	0.004189767	0.001883608	0.003770301	0.002194503	0.001631365
70	0.76953125	0.7734375	0.001593566	0.004386073	0.004158353	0.001993673	0.003969371	0.002237476	0.001635762
71	0.7734375	0.77734375	0.00159255	0.004312623	0.00428401	0.001978654	0.003926779	0.002480991	0.001792595
72	0.77734375	0.78125	0.00160645	0.004306276	0.004203231	0.001995975	0.003861966	0.00228045	0.001738363
73	0.78125	0.78515625	0.00165328	0.004415996	0.004365687	0.002042019	0.004011037	0.002377856	0.001858554
74	0.78515625	0.7890625	0.001687934	0.004536597	0.004387229	0.002087733	0.00408511	0.002363531	0.001961155
75	0.7890625	0.79296875	0.001752035	0.004562893	0.004608026	0.002141889	0.004159182	0.00251537	0.002030045
76	0.79296875	0.796875	0.001764936	0.004565614	0.004439286	0.002165897	0.004126776	0.002538289	0.00196995
77	0.796875	0.80078125	0.001769193	0.004503046	0.004552378	0.002164581	0.004143442	0.002627101	0.00196995
78	0.80078125	0.8046875	0.001852774	0.004803189	0.004482369	0.002244719	0.004299921	0.002658614	0.002093071
79	0.8046875	0.80859375	0.001873093	0.004591004	0.004449159	0.002279032	0.004281402	0.002741696	0.002006593
80	0.80859375	0.8125	0.00192039	0.004709791	0.004614309	0.00233549	0.004339735	0.002841967	0.002062291
81	0.8125	0.81640625	0.001978572	0.004896587	0.004485061	0.002369803	0.004468436	0.002999536	0.002125318
82	0.81640625	0.8203125	0.002030917	0.004882079	0.004634055	0.002440731	0.004549916	0.002839102	0.002274823
83	0.8203125	0.82421875	0.002084552	0.005011747	0.00466906	0.002477785	0.004516583	0.003033915	0.00222059
84	0.82421875	0.828125	0.002130866	0.004966409	0.004844979	0.00254389	0.004756393	0.00303105	0.002393547
85	0.828125	0.83203125	0.002144363	0.004985451	0.004777663	0.002581273	0.004623062	0.002970887	0.002336384
86	0.83203125	0.8359375	0.002241828	0.005158645	0.004976919	0.00267029	0.00479343	0.003211537	0.002471231
87	0.8359375	0.83984375	0.002293141	0.005186755	0.004977817	0.002740561	0.004798985	0.00338916	0.002443382
88	0.83984375	0.84375	0.002355323	0.005217585	0.004964354	0.00277312	0.00491565	0.003205808	0.002548915
89	0.84375	0.84765625	0.002470671	0.005219399	0.004988588	0.002888447	0.004984167	0.003343322	0.002582627
90	0.84765625	0.8515625	0.002491635	0.005277433	0.005107962	0.002889544	0.005056388	0.0032717	0.00274679
91	0.8515625	0.85546875	0.00259568	0.005417076	0.005327862	0.003012764	0.005171201	0.003758731	0.002915349
92	0.85546875	0.859375	0.002695145	0.005647397	0.005325169	0.003140479	0.005378604	0.003773055	0.00286698
93	0.859375	0.86328125	0.002756359	0.005672786	0.005392485	0.003186961	0.005260088	0.003735812	0.003053129
94	0.86328125	0.8671875	0.002833118	0.005619287	0.005390691	0.003229387	0.005478602	0.00403949	0.003174785
95	0.8671875	0.87109375	0.00298496	0.005928497	0.005521733	0.003439541	0.005653599	0.004053814	0.003280318
96	0.87109375	0.875	0.003008294	0.005680948	0.005589947	0.003422878	0.005586008	0.004045219	0.003287646
97	0.875	0.87890625	0.003170989	0.005989251	0.005554045	0.003599925	0.005747116	0.004265816	0.003488452
98	0.87890625	0.8828125	0.003341408	0.006160632	0.006060263	0.003760309	0.005977667	0.004437709	0.003589588
99	0.8828125	0.88671875	0.003423166	0.006152471	0.006106936	0.003884626	0.006150812	0.004486412	0.003645286
100	0.88671875	0.890625	0.003551754	0.006364656	0.006113219	0.003995678	0.00614896	0.00466117	0.003850489
101	0.890625	0.89453125	0.003753297	0.006669333	0.006296319	0.004214603	0.006518398	0.005004956	0.004123116
102	0.89453125	0.8984375	0.003903171	0.006735527	0.006461469	0.004331904	0.006500806	0.005110957	0.004268224
103	0.8984375	0.90234375	0.00411634	0.006899654	0.006692139	0.004598626	0.00672395	0.005345878	0.004571631
104	0.90234375	0.90625	0.004268407	0.00711728	0.006762148	0.004695755	0.006952649	0.005500582	0.004775369
105	0.90625	0.91015625	0.004504878	0.007120907	0.006927298	0.00492619	0.007140609	0.006090748	0.004942462
106	0.91015625	0.9140625	0.004768441	0.007585176	0.007211821	0.005201354	0.007195237	0.006122262	0.005182843
107	0.9140625	0.91796875	0.005004976	0.007784666	0.007350044	0.005414359	0.007635044	0.006503292	0.005546346
108	0.91796875	0.921875	0.00525138	0.007741141	0.007668675	0.005680971	0.007744301	0.006761131	0.005808712
109	0.921875	0.92578125	0.005651078	0.008050351	0.007835619	0.006081876	0.008172996	0.00717654	0.006141435
110	0.92578125	0.9296875	0.006058822	0.0084584	0.008271828	0.006461185	0.008421141	0.007514597	0.006932932
111	0.9296875	0.93359375	0.00642709	0.008852848	0.008375945	0.006820981	0.008797986	0.007783896	0.007259792
112	0.93359375	0.9375	0.006849025	0.009207397	0.008853442	0.007237014	0.009151682	0.008417035	0.007676061
113	0.9375	0.94140625	0.00737786	0.009520235	0.009213359	0.007807841	0.00979704	0.008861093	0.008171479
114	0.94140625	0.9453125	0.008059762	0.010114173	0.009619053	0.008467904	0.010237773	0.009978399	0.009323549
115	0.9453125	0.94921875	0.008775559	0.010671839	0.01023208	0.00912402	0.010877577	0.010187536	0.009987527
116	0.94921875	0.953125	0.009606496	0.011225878	0.01090614	0.009972751	0.011555342	0.011534032	0.010809804
117	0.99609375	1	0.75137097	0.42305875	0.44212726	0.7176088	0.4856623	0.67094487	0.7401572
